% fuction [u1,u2,u3,u4] = velocity(i0)
r=0.305; ig=[3.62 2.22 1.51 1.08 0.85]; i0=3;
ne=[750 1321 1775 2119 2518 2959 3261 3537 3908 4266 4761 5188 5532 5780 6000];
Pe=[8.5
24.2
36.17
45.27
56.15
68.62
77.4
85.13
95.82
105.34
116.41
123.29
126.82
127.5
126.95
].';
Ttq=9550*Pe./ne;
% hold on
% plot(ne,Ttq)
% xlabel('ua(km/h)')
% ylabel('T_tq(N.m)')
% title('发动机外特性')
%%一档
% u=0.377*r*ne/ig(1)./i0;
% plot(u,Pe)
% xlabel('ua（km/h）')
% ylabel('Pe(kW)')
cftool